frame_437.jpg
0.00000 -0.08230
0.00000 0.00000
-0.17273 -0.00748
-0.36364 -0.08978
-0.47273 -0.19701
0.17272 0.00997
0.38636 -0.06484
0.52727 -0.15711
-0.10000 0.30673
-0.20000 0.56359
-0.28182 0.80299
0.09091 0.29925
0.18182 0.53865
0.28182 0.77805
-0.04091 -0.09726
0.04091 -0.09726
-0.09091 -0.08978
0.09091 -0.09726

frame_449.jpg
0.00000 -0.07710
0.00000 0.00000
-0.21380 -0.00701
-0.40000 -0.14720
-0.21380 -0.27103
0.23448 -0.00701
0.40000 -0.07010
-0.15173 0.28037
-0.33794 0.51168
-0.48966 0.72897
0.13793 0.28738
0.28965 0.48832
0.51034 0.72897
-0.06207 -0.10047
0.04827 -0.10047
-0.13794 -0.09346
0.12413 -0.09346

frame_454.jpg
-0.00784 -0.08871
0.00000 0.00000
-0.14510 -0.00806
-0.35686 -0.04301
-0.52941 -0.14247
0.14902 0.01076
0.34118 -0.02688
0.47059 -0.08871
-0.10196 0.31183
-0.16470 0.60753
-0.21568 0.85753
0.07059 0.32258
0.12549 0.57258
0.18432 0.84678
-0.04314 -0.11559
0.02745 -0.11559
-0.08627 -0.11559
0.07843 -0.12365

frame_458.jpg
0.00000 -0.11080
0.00000 0.00000
-0.13475 0.00000
-0.29787 0.06372
-0.47163 0.09973
0.14185 0.00000
0.33333 0.06372
0.52837 0.09973
-0.07801 0.32964
-0.10284 0.62327
-0.10993 0.86150
0.07092 0.33795
0.07802 0.61496
0.07802 0.85319
-0.02128 -0.13850
0.03192 -0.13850
-0.07092 -0.13850
0.07802 -0.13850

frame_428.jpg
0.00000 -0.11814
0.00000 0.00000
-0.14624 0.00000
-0.33201 0.11813
-0.49802 0.22802
0.15020 0.01098
0.34388 0.13736
0.50198 0.24725
-0.09486 0.33791
-0.10276 0.60989
-0.08695 0.86538
0.07115 0.33791
0.07906 0.59340
0.07115 0.84890
-0.03162 -0.13462
0.02767 -0.13462
-0.07905 -0.13462
0.07906 -0.13462

frame_439.jpg
0.01342 -0.07603
0.00000 0.00000
-0.22148 -0.00691
-0.47651 -0.12903
-0.42953 -0.25806
0.24161 0.00922
0.44966 -0.04608
0.52349 -0.11290
-0.14765 0.29033
-0.31544 0.51153
-0.46309 0.74194
0.14765 0.28341
0.31544 0.48848
0.51007 0.72581
-0.04698 -0.08986
0.06040 -0.08986
-0.12081 -0.08986
0.14765 -0.08294

frame_435.jpg
0.00000 -0.10512
0.00000 0.00000
-0.13572 -0.00808
-0.30715 -0.05390
-0.49286 -0.15094
0.13571 0.01079
0.30357 -0.02695
0.50714 -0.08895
-0.08572 0.33154
-0.14286 0.60917
-0.18929 0.84906
0.07857 0.33154
0.13571 0.59030
0.18214 0.84097
-0.03215 -0.12399
0.03214 -0.12399
-0.07143 -0.12399
0.07143 -0.11590

frame_427.jpg
0.00000 -0.11911
0.00000 0.00000
-0.15417 0.00000
-0.34167 0.13851
-0.50000 0.25762
0.15833 0.00831
0.32500 0.15513
0.50000 0.29363
-0.10000 0.32964
-0.10000 0.61496
-0.09167 0.85319
0.08333 0.34072
0.08333 0.59557
0.06667 0.84488
-0.03333 -0.14681
0.02917 -0.14681
-0.08333 -0.13850
0.08333 -0.14681

frame_463.jpg
0.00000 -0.12742
0.00000 0.00000
-0.19487 0.00000
-0.35384 0.15790
-0.47692 0.29363
0.19487 0.00000
0.38975 0.14682
0.52308 0.28532
-0.12307 0.31302
-0.10256 0.60665
-0.07692 0.84488
0.09231 0.32133
0.05641 0.59834
0.02564 0.84488
-0.03077 -0.15512
0.04616 -0.15512
-0.10256 -0.14681
0.10257 -0.14681

frame_441.jpg
0.01250 -0.07126
0.00000 0.00000
-0.18125 -0.00712
-0.33125 -0.14964
-0.15000 -0.25178
0.22500 0.00950
0.31875 -0.06176
-0.13750 0.29216
-0.30625 0.50356
-0.48750 0.74822
0.12500 0.28504
0.30625 0.51307
0.51250 0.74822
-0.04375 -0.09501
0.05625 -0.09501
-0.12500 -0.08551
0.12500 -0.08551

frame_436.jpg
0.00000 -0.09045
0.00000 0.00000
-0.14170 -0.00754
-0.36033 -0.08291
-0.49393 -0.19849
0.15384 0.00000
0.36842 -0.05025
0.50607 -0.12311
-0.08907 0.30151
-0.17004 0.56784
-0.23482 0.80151
0.08907 0.30151
0.15384 0.53518
0.22672 0.79146
-0.03644 -0.10804
0.03643 -0.10804
-0.08097 -0.09799
0.08907 -0.10804

frame_434.jpg
0.00000 -0.09783
0.00000 0.00000
-0.15384 -0.00815
-0.37651 -0.00815
-0.53036 -0.05435
0.15385 0.00000
0.30770 0.00815
0.46964 -0.02717
-0.09716 0.31522
-0.15384 0.62228
-0.19838 0.87500
0.08907 0.32337
0.13766 0.60326
0.19029 0.86413
-0.03643 -0.12500
0.03644 -0.12500
-0.08097 -0.11685
0.08098 -0.11685

frame_421.jpg
0.00000 -0.15542
0.00000 0.00000
-0.38947 -0.01173
-0.50526 0.19355
-0.50526 0.34897
0.42106 0.00880
0.49474 0.22287
0.37895 0.42815
-0.27368 0.34897
-0.25263 0.58358
-0.15789 0.81525
0.21053 0.37830
0.16842 0.61290
0.07369 0.81525
-0.08421 -0.18475
0.07369 -0.18475
-0.21052 -0.17595
0.21053 -0.18475

frame_432.jpg
0.00000 -0.10870
0.00000 0.00000
-0.16450 -0.00815
-0.35498 0.02717
-0.48052 0.02717
0.16450 0.00000
0.37662 0.04620
0.51948 0.06250
-0.10390 0.32337
-0.14286 0.62228
-0.16450 0.87500
0.09524 0.33424
0.13420 0.60326
0.15584 0.85598
-0.02597 -0.12500
0.03896 -0.12500
-0.08658 -0.12500
0.09524 -0.12500

frame_440.jpg
0.00000 -0.07009
0.00000 0.00000
-0.20530 0.00000
-0.41060 -0.13318
-0.27815 -0.25701
0.22516 0.00000
0.45695 -0.10047
0.43046 -0.24766
-0.15894 0.29439
-0.33775 0.52570
-0.49669 0.74299
0.13245 0.29439
0.31126 0.50234
0.50331 0.72663
-0.05960 -0.09346
0.05960 -0.09346
-0.13245 -0.08645
0.13245 -0.08645

frame_429.jpg
0.00730 -0.11878
0.00000 0.00000
-0.12773 0.00000
-0.29927 0.09116
-0.47080 0.13812
0.14599 0.00829
0.33212 0.11879
0.52920 0.22928
-0.08029 0.33978
-0.09489 0.61326
-0.09489 0.86188
0.08029 0.35636
0.08029 0.61326
0.09124 0.86188
-0.02189 -0.13812
0.03285 -0.13812
-0.06569 -0.12707
0.07300 -0.13812

frame_460.jpg
0.00000 -0.12011
0.00000 0.00000
-0.13241 0.00000
-0.29269 0.11173
-0.48084 0.20391
0.13937 0.01117
0.31010 0.10335
0.51916 0.21509
-0.08363 0.33520
-0.08363 0.61173
-0.07666 0.86313
0.06271 0.35196
0.05575 0.61173
0.04878 0.86313
-0.02091 -0.13687
0.03136 -0.13687
-0.06969 -0.13687
0.06968 -0.13687

frame_422.jpg
-0.02000 -0.15229
0.00000 0.00000
-0.37000 0.00000
-0.53000 0.18104
-0.53000 0.35345
0.38000 0.01150
0.47000 0.20115
0.45000 0.33334
-0.26000 0.33334
-0.22000 0.59196
-0.17000 0.81897
0.18000 0.36207
0.16000 0.59196
0.09000 0.81897
-0.08000 -0.18103
0.07000 -0.18103
-0.22000 -0.16092
0.20000 -0.16954

frame_438.jpg
0.00000 -0.08029
0.00000 0.00000
-0.18717 0.00000
-0.41712 -0.11192
-0.47594 -0.22628
0.19251 0.00000
0.34759 -0.04866
0.52406 -0.16059
-0.11765 0.28954
-0.24599 0.54014
-0.35295 0.77372
0.10695 0.28224
0.22459 0.49148
0.35828 0.75912
-0.04813 -0.10463
0.04812 -0.10463
-0.10696 -0.09733
0.10695 -0.09733

frame_424.jpg
0.01342 -0.14805
0.00000 0.00000
-0.23490 0.00000
-0.41611 0.16760
-0.52349 0.34357
0.26846 0.00000
0.40268 0.17598
0.47651 0.32402
-0.13423 0.30726
-0.14765 0.60335
-0.08725 0.82402
0.14765 0.32402
0.13423 0.59497
0.07383 0.82402
-0.04027 -0.17598
0.06040 -0.17598
-0.13423 -0.15643
0.14765 -0.15643

frame_433.jpg
0.00000 -0.10989
0.00000 0.00000
-0.14286 -0.00824
-0.31786 0.00825
-0.50000 -0.01923
0.13571 0.00825
0.32500 0.02748
0.50000 0.04671
-0.08571 0.31868
-0.12500 0.62912
-0.15000 0.87363
0.07857 0.33792
0.11071 0.60165
0.14286 0.85715
-0.02143 -0.12637
0.03214 -0.12637
-0.07143 -0.12637
0.07857 -0.11813

frame_423.jpg
0.00000 -0.15955
0.00000 0.00000
-0.30172 -0.00855
-0.47413 0.17094
-0.55172 0.36752
0.32759 0.00000
0.44828 0.17948
0.44828 0.33048
-0.22413 0.32193
-0.20689 0.58689
-0.12931 0.82051
0.17242 0.32193
0.13794 0.58689
0.07759 0.82051
-0.06896 -0.17949
0.06035 -0.17949
-0.17241 -0.17094
0.17242 -0.17094

frame_426.jpg
0.00961 -0.13019
0.00000 0.00000
-0.18270 0.00000
-0.36058 0.14682
-0.50962 0.27424
0.18269 0.00000
0.35576 0.15513
0.49038 0.31302
-0.10577 0.32964
-0.10577 0.60665
-0.08654 0.84488
0.09615 0.32964
0.09615 0.59557
0.07692 0.84488
-0.02885 -0.15512
0.05288 -0.15512
-0.08654 -0.14681
0.10576 -0.15512

frame_430.jpg
0.00000 -0.11685
0.00000 0.00000
-0.13572 -0.01087
-0.28572 0.06250
-0.49286 0.10598
0.14285 0.00000
0.30357 0.07881
0.50714 0.15218
-0.07857 0.33152
-0.09286 0.60326
-0.11072 0.85598
0.07857 0.34239
0.08928 0.60326
0.10357 0.83696
-0.02143 -0.14402
0.03214 -0.13587
-0.06429 -0.13587
0.07857 -0.13587

frame_447.jpg
0.01325 -0.07246
0.00000 0.00000
-0.20529 -0.00724
-0.27814 -0.15217
-0.05960 -0.24879
0.21855 0.00725
0.32451 -0.12802
0.10596 -0.23188
-0.14569 0.29710
-0.32450 0.53623
-0.48344 0.75121
0.14570 0.29710
0.31126 0.50483
0.51656 0.73672
-0.04635 -0.09662
0.07285 -0.09662
-0.13245 -0.08937
0.14570 -0.07971

frame_445.jpg
0.01298 -0.07407
0.00000 0.00000
-0.20130 -0.00741
-0.24676 -0.13086
-0.02598 -0.21235
0.20130 0.00741
0.28571 -0.13827
0.07143 -0.22963
-0.14286 0.31111
-0.31819 0.54815
-0.49351 0.77037
0.14285 0.31111
0.33117 0.53333
0.50649 0.75309
-0.04546 -0.08889
0.05844 -0.08889
-0.11689 -0.08148
0.12987 -0.07407

frame_462.jpg
-0.00840 -0.12876
0.00000 0.00000
-0.16807 0.00000
-0.35294 0.16165
-0.50420 0.29863
0.15967 0.00822
0.34874 0.13425
0.49580 0.25206
-0.10924 0.32603
-0.10084 0.60822
-0.08403 0.84384
0.06723 0.33425
0.05042 0.59726
0.01261 0.83562
-0.04622 -0.15616
0.02941 -0.15616
-0.09244 -0.14520
0.07563 -0.13698

frame_461.jpg
0.00000 -0.12742
0.00000 0.00000
-0.14340 0.00000
-0.31698 0.12743
-0.49434 0.24654
0.15094 0.00000
0.33585 0.11912
0.50566 0.23823
-0.09057 0.31302
-0.09057 0.61496
-0.06792 0.85319
0.07547 0.34072
0.05283 0.60665
0.03396 0.84488
-0.02264 -0.14681
0.02641 -0.14681
-0.07547 -0.13850
0.07547 -0.13850

frame_444.jpg
0.01282 -0.07407
0.00000 0.00000
-0.19872 -0.00741
-0.25641 -0.12346
0.00000 -0.22963
0.19872 0.00741
0.30128 -0.13086
0.10256 -0.21975
-0.14103 0.31852
-0.31410 0.54074
-0.48718 0.77037
0.14103 0.30370
0.31410 0.51605
0.51282 0.75309
-0.04487 -0.08889
0.05769 -0.08889
-0.11539 -0.08148
0.12820 -0.08148

frame_456.jpg
-0.00674 -0.11813
0.00000 0.00000
-0.12458 -0.01098
-0.32660 0.00000
-0.49832 -0.01923
0.12794 0.00000
0.31649 0.01649
0.50168 0.00825
-0.08081 0.30770
-0.12458 0.60989
-0.15489 0.85440
0.06060 0.31869
0.09091 0.59066
0.12121 0.84616
-0.03704 -0.14560
0.02357 -0.13736
-0.07408 -0.13736
0.06734 -0.13736

frame_457.jpg
0.00000 -0.11591
0.00000 0.00000
-0.15139 -0.01078
-0.31872 0.02695
-0.51394 0.02695
0.15937 0.00000
0.32670 0.03504
0.48606 0.05391
-0.09561 0.31267
-0.13147 0.60647
-0.15139 0.85714
0.07969 0.32075
0.09961 0.58760
0.12351 0.83827
-0.03585 -0.14286
0.02789 -0.13477
-0.07968 -0.13477
0.07969 -0.13477

frame_431.jpg
0.00000 -0.10715
0.00000 0.00000
-0.12838 -0.00825
-0.30743 0.05494
-0.47297 0.07417
0.12838 0.00000
0.31757 0.07417
0.52703 0.11813
-0.08108 0.32967
-0.09797 0.62087
-0.11148 0.86538
0.06757 0.33791
0.09122 0.60989
0.10473 0.84890
-0.02027 -0.13462
0.03041 -0.13462
-0.06756 -0.13462
0.07433 -0.12638

frame_467.jpg
0.00000 -0.16092
0.00000 0.00000
-0.38000 -0.00863
-0.49000 0.19252
-0.49000 0.34482
0.38000 0.00000
0.51000 0.17241
0.42000 0.33333
-0.26000 0.32471
-0.22000 0.58333
-0.15000 0.81034
0.20000 0.33333
0.14000 0.57183
0.05000 0.81034
-0.09000 -0.18966
0.07000 -0.18104
-0.20000 -0.16955
0.18000 -0.16955

frame_466.jpg
0.00000 -0.15100
0.00000 0.00000
-0.36893 0.00000
-0.47573 0.18803
-0.47573 0.33903
0.36893 0.00000
0.52427 0.17094
0.47573 0.33048
-0.25243 0.32193
-0.21359 0.58689
-0.14563 0.82051
0.17476 0.33048
0.13592 0.57550
0.06796 0.82051
-0.08738 -0.17949
0.08738 -0.17949
-0.19418 -0.15955
0.19417 -0.17094

frame_451.jpg
0.00000 -0.07895
0.00000 0.00000
-0.20886 -0.00718
-0.49367 -0.11005
-0.47468 -0.22967
0.22785 0.00000
0.49367 -0.09570
0.50633 -0.20575
-0.15190 0.29425
-0.29114 0.53827
-0.41772 0.77033
0.12658 0.30143
0.24051 0.50717
0.41139 0.75358
-0.05696 -0.09570
0.04430 -0.09570
-0.12658 -0.09570
0.13924 -0.09570

frame_450.jpg
0.00000 -0.07076
0.00000 0.00000
-0.23572 -0.00708
-0.47143 -0.12500
-0.39286 -0.24057
0.25714 0.01651
0.49285 -0.10142
0.42857 -0.22642
-0.17143 0.29717
-0.32857 0.53301
-0.49286 0.75943
0.14285 0.29717
0.28571 0.50000
0.50714 0.75943
-0.04286 -0.09199
0.06428 -0.09199
-0.14286 -0.08491
0.14285 -0.08491

frame_465.jpg
0.00000 -0.13960
0.00000 0.00000
-0.30400 0.00000
-0.42400 0.17949
-0.46400 0.35043
0.30400 0.00000
0.48000 0.17094
0.53600 0.34188
-0.19200 0.33049
-0.17600 0.61539
-0.12000 0.83191
0.14400 0.33049
0.11200 0.60684
0.04000 0.83191
-0.07200 -0.16809
0.05600 -0.16809
-0.16000 -0.15100
0.16000 -0.15100

frame_453.jpg
-0.00874 -0.09686
0.00000 0.00000
-0.16157 0.00000
-0.37555 -0.07068
-0.52402 -0.17539
0.15720 0.00000
0.34934 -0.04450
0.47598 -0.13874
-0.10481 0.30367
-0.18341 0.57068
-0.26201 0.82461
0.07860 0.31152
0.14847 0.53665
0.23581 0.81414
-0.04804 -0.11256
0.02183 -0.11256
-0.09607 -0.10471
0.07860 -0.11256

frame_452.jpg
0.00000 -0.08291
0.00000 0.00000
-0.17857 0.00000
-0.40816 -0.09296
-0.51020 -0.20854
0.18368 0.00000
0.34184 -0.04271
0.48980 -0.15829
-0.11224 0.29900
-0.21428 0.54774
-0.30612 0.78141
0.10204 0.30654
0.19388 0.54774
0.30613 0.79146
-0.03061 -0.10050
0.04592 -0.10804
-0.10204 -0.09296
0.10204 -0.10050

frame_455.jpg
0.00000 -0.10803
0.00000 0.00000
-0.13818 -0.00831
-0.31273 -0.00831
-0.49091 -0.05540
0.14545 0.00000
0.34909 -0.00831
0.50909 -0.05540
-0.08727 0.31302
-0.13818 0.60665
-0.17818 0.87258
0.07273 0.32133
0.11273 0.59834
0.15273 0.86427
-0.02182 -0.12742
0.02545 -0.12742
-0.07273 -0.12742
0.07273 -0.12742

frame_464.jpg
0.00000 -0.13967
0.00000 0.00000
-0.23313 0.00838
-0.36810 0.17598
-0.47853 0.32402
0.23313 0.00000
0.41104 0.15642
0.52147 0.33240
-0.14724 0.33240
-0.13497 0.61173
-0.09203 0.83240
0.11043 0.34078
0.06748 0.59218
0.03067 0.83240
-0.05522 -0.16760
0.05521 -0.15922
-0.12270 -0.14805
0.12270 -0.14805

frame_425.jpg
0.00000 -0.13573
0.00000 0.00000
-0.19231 0.00000
-0.39011 0.16621
-0.53297 0.33241
0.19780 0.01109
0.35714 0.16621
0.46703 0.32410
-0.13187 0.31302
-0.13187 0.59834
-0.09341 0.83657
0.10989 0.32410
0.09890 0.59003
0.06593 0.82826
-0.04396 -0.16343
0.03846 -0.16343
-0.10989 -0.14681
0.10989 -0.14681

frame_459.jpg
0.00000 -0.11878
0.00000 0.00000
-0.14960 0.00000
-0.31496 0.08287
-0.42913 0.14641
0.16536 0.00000
0.35827 0.08287
0.57087 0.14641
-0.09448 0.32044
-0.11417 0.62155
-0.10236 0.86188
0.07874 0.33978
0.07874 0.62155
0.07874 0.85083
-0.02362 -0.13812
0.02756 -0.13812
-0.07874 -0.13812
0.07874 -0.13812

