frame_437.jpg
242 149
242 182
204 179
162 146
138 103
280 186
327 156
358 119
220 305
198 408
180 504
262 302
282 398
304 494
233 143
251 143
222 146
262 143

frame_449.jpg
242 169
242 202
211 199
184 139
211 86
276 199
300 172
220 322
193 421
171 514
262 325
284 411
316 514
233 159
249 159
222 162
260 162

frame_454.jpg
242 149
244 182
207 179
153 166
109 129
282 186
331 172
364 149
218 298
202 408
189 501
262 302
276 395
291 497
233 139
251 139
222 139
264 136

frame_458.jpg
242 146
242 186
204 186
158 209
109 222
282 186
336 209
391 222
220 305
213 411
211 497
262 308
264 408
264 494
236 136
251 136
222 136
264 136

frame_428.jpg
244 149
244 192
207 192
160 235
118 275
282 196
331 242
371 282
220 315
218 414
222 507
262 315
264 408
262 501
236 143
251 143
224 143
264 143

frame_439.jpg
242 159
240 192
207 189
169 136
176 80
276 196
307 172
318 143
218 318
193 414
171 514
262 315
287 404
316 507
233 153
249 153
222 153
262 156

frame_435.jpg
242 143
242 182
204 179
156 162
104 126
280 186
327 172
384 149
218 305
202 408
189 497
264 305
280 401
293 494
233 136
251 136
222 136
262 139

frame_427.jpg
244 156
244 199
207 199
162 249
124 292
282 202
322 255
364 305
220 318
220 421
222 507
264 322
264 414
260 504
236 146
251 146
224 149
264 146

frame_463.jpg
242 166
242 212
204 212
173 269
149 318
280 212
318 265
344 315
218 325
222 431
227 517
260 328
253 428
247 517
236 156
251 156
222 159
262 159

frame_446.jpg
242 182
240 209
209 209
204 146
242 113
271 212
293 169
256 126
220 332
191 434
164 524
260 332
289 424
318 517
233 172
249 172
224 176
260 176

frame_441.jpg
242 172
240 202
211 199
187 139
216 96
276 206
291 176
218 325
191 414
162 517
260 322
289 418
322 517
233 162
249 162
220 166
260 166

frame_436.jpg
242 146
242 182
207 179
153 149
120 103
280 182
333 162
367 133
220 302
200 408
184 501
264 302
280 395
298 497
233 139
251 139
222 143
264 139

frame_434.jpg
242 143
242 179
204 176
149 176
111 159
280 179
318 182
358 169
218 295
204 408
193 501
264 298
276 401
289 497
233 133
251 133
222 136
262 136

frame_421.jpg
244 186
244 239
207 235
196 305
196 358
284 242
291 315
280 385
218 358
220 438
229 517
264 368
260 448
251 517
236 176
251 176
224 179
264 176

frame_432.jpg
242 139
242 179
204 176
160 189
131 189
280 179
329 196
362 202
218 298
209 408
204 501
264 302
273 401
278 494
236 133
251 133
222 133
264 133

frame_440.jpg
242 166
242 196
211 196
180 139
200 86
276 196
311 153
307 90
218 322
191 421
167 514
262 322
289 411
318 507
233 156
251 156
222 159
262 159

frame_429.jpg
244 146
242 189
207 189
160 222
113 239
282 192
333 232
387 272
220 312
216 411
216 501
264 318
264 411
267 501
236 139
251 139
224 143
262 139

frame_460.jpg
242 149
242 192
204 192
158 232
104 265
282 196
331 229
391 269
218 312
218 411
220 501
260 318
258 411
256 501
236 143
251 143
222 143
262 143

frame_422.jpg
242 182
244 235
207 235
191 298
191 358
282 239
291 305
289 351
218 351
222 441
227 520
262 361
260 441
253 520
236 172
251 172
222 179
264 176

frame_438.jpg
242 156
242 189
207 189
164 143
153 96
278 189
307 169
340 123
220 308
196 411
176 507
262 305
284 391
309 501
233 146
251 146
222 149
262 149

frame_424.jpg
244 172
242 225
207 225
180 285
164 348
282 225
302 288
313 341
222 335
220 441
229 520
264 341
262 438
253 520
236 162
251 162
222 169
264 169

frame_433.jpg
242 139
242 179
202 176
153 182
102 172
280 182
333 189
382 196
218 295
207 408
200 497
264 302
273 398
282 491
236 133
251 133
222 133
264 136

frame_423.jpg
244 176
244 232
209 229
189 292
180 361
282 232
296 295
296 348
218 345
220 438
229 520
264 345
260 438
253 520
236 169
251 169
224 172
264 172

frame_426.jpg
244 162
242 209
204 209
167 262
136 308
280 209
316 265
344 322
220 328
220 428
224 514
262 328
262 424
258 514
236 153
253 153
224 156
264 153

frame_430.jpg
242 143
242 186
204 182
162 209
104 225
282 186
327 215
384 242
220 308
216 408
211 501
264 312
267 408
271 494
236 133
251 136
224 136
264 136

frame_447.jpg
242 179
240 209
209 206
198 146
231 106
273 212
289 156
256 113
218 332
191 431
167 520
262 332
287 418
318 514
233 169
251 169
220 172
262 176

frame_445.jpg
242 182
240 212
209 209
202 159
236 126
271 215
284 156
251 119
218 338
191 434
164 524
262 338
291 428
318 517
233 176
249 176
222 179
260 182

frame_448.jpg
242 172
240 206
209 202
189 143
224 99
273 212
296 153
269 106
220 328
193 424
167 517
262 325
284 414
316 514
233 166
249 166
222 169
260 169

frame_462.jpg
242 159
244 206
204 206
160 265
124 315
282 209
327 255
362 298
218 325
220 428
224 514
260 328
256 424
247 511
233 149
251 149
222 153
262 156

frame_461.jpg
242 153
242 199
204 199
158 245
111 288
282 199
331 242
376 285
218 312
218 421
224 507
262 322
256 418
251 504
236 146
249 146
222 149
262 149

frame_444.jpg
242 182
240 212
209 209
200 162
240 119
271 215
287 159
256 123
218 341
191 431
164 524
262 335
289 421
320 517
233 176
249 176
222 179
260 179

frame_456.jpg
242 143
244 186
207 182
147 186
96 179
282 186
338 192
393 189
220 298
207 408
198 497
262 302
271 401
280 494
233 133
251 136
222 136
264 136

frame_457.jpg
242 143
242 186
204 182
162 196
113 196
282 186
324 199
364 206
218 302
209 411
204 504
262 305
267 404
273 497
233 133
249 136
222 136
262 136

frame_431.jpg
242 143
242 182
204 179
151 202
102 209
280 182
336 209
398 225
218 302
213 408
209 497
262 305
269 404
273 491
236 133
251 133
222 133
264 136

frame_467.jpg
242 179
242 235
204 232
193 302
193 355
280 235
293 295
284 351
216 348
220 438
227 517
262 351
256 434
247 517
233 169
249 172
222 176
260 176

frame_466.jpg
242 179
242 232
204 232
193 298
193 351
280 232
296 292
291 348
216 345
220 438
227 520
260 348
256 434
249 520
233 169
251 169
222 176
262 172

frame_451.jpg
242 156
242 189
209 186
164 143
167 93
278 189
320 149
322 103
218 312
196 414
176 511
262 315
280 401
307 504
233 149
249 149
222 149
264 149

frame_450.jpg
242 162
242 192
209 189
176 139
187 90
278 199
311 149
302 96
218 318
196 418
173 514
262 318
282 404
313 514
236 153
251 153
222 156
262 156

frame_465.jpg
242 176
242 225
204 225
189 288
184 348
280 225
302 285
309 345
218 341
220 441
227 517
260 341
256 438
247 517
233 166
249 166
222 172
262 172

frame_453.jpg
242 149
244 186
207 186
158 159
124 119
280 186
324 169
353 133
220 302
202 404
184 501
262 305
278 391
298 497
233 143
249 143
222 146
262 143

frame_452.jpg
242 153
242 186
207 186
162 149
142 103
278 186
309 169
338 123
220 305
200 404
182 497
262 308
280 404
302 501
236 146
251 143
222 149
262 146

frame_455.jpg
242 143
242 182
204 179
156 179
107 162
282 182
338 179
382 162
218 295
204 401
193 497
262 298
273 398
284 494
236 136
249 136
222 136
262 136

frame_442.jpg
242 176
240 209
211 209
196 143
238 106
273 209
296 153
267 106
218 335
189 424
164 517
262 332
289 414
322 517
233 166
249 166
220 172
260 172

frame_464.jpg
242 169
242 219
204 222
182 282
164 335
280 219
309 275
327 338
218 338
220 438
227 517
260 341
253 431
247 517
233 159
251 162
222 166
262 166

frame_443.jpg
242 182
240 212
211 212
198 169
236 119
273 212
289 156
262 123
218 332
189 428
162 520
260 332
291 424
320 520
233 172
249 172
220 176
260 176

frame_425.jpg
244 166
244 215
209 215
173 275
147 335
280 219
309 275
329 332
220 328
220 431
227 517
264 332
262 428
256 514
236 156
251 156
224 162
264 162

frame_459.jpg
242 146
242 189
204 189
162 219
133 242
284 189
333 219
387 242
218 305
213 414
216 501
262 312
262 414
262 497
236 139
249 139
222 139
262 139

